140 Oliver 2 1005 1026
113 Alice 1 3022
502 Tom 1 1001
77 Dolly 2 1001 1026
111 David 0
129 Jenny 0
63 Eugene 3 2023 2021 4100
110 Cindy 1 2020
133 Hailey 1 2018
12 Paul 2 1001 1005
212 Phoebe 1 2018
35 Tammy 2 2018 3015
302 Jack 1 4200
530 Peter 0
608 Jimmy 0
620 Tory 0
783 Audrey 1 4200
888 Sidney 4 4250 4500 4200 4702
712 Terry 1 4500
903 April 2 4200 4790
800 June 1 4255
711 Patti 0
729 Hanes 1 4255
700 John 2 4200 4702
812 Cathy 1 4255
39 Evelyn 2 4200 4500
49 Dennis 1 4100
73 Gina 1 4200
328 Jess 3 4200 4250 4255